[header]
width=20
height=10
tilewidth=70
tileheight=70
orientation=orthogonal

[tilesets]
tileset=../../assets/graphics/Platformer assets (1330 assets)/Request pack (100 assets)/Spritesheet/sheet.png,70,70,0,0
tileset=,75,146,0,0

[layer]
type=Level
data=
17,17,17,17,17,17,17,17,17,17,17,17,17,17,17,17,17,17,17,17,
17,17,0,0,0,0,0,0,0,0,0,0,0,0,0,0,0,0,17,17,
17,0,0,0,0,0,0,0,0,0,0,0,0,0,0,0,0,0,0,17,
17,0,0,0,0,0,0,0,0,0,0,0,0,0,0,0,0,0,0,17,
17,17,17,17,0,0,0,0,0,0,0,0,0,0,0,0,0,0,0,17,
17,0,0,0,0,0,0,0,17,17,0,17,0,17,17,0,0,17,17,17,
17,0,0,0,0,0,17,0,0,0,0,0,0,0,0,0,0,0,0,17,
17,0,0,0,0,17,17,0,0,0,0,0,0,0,0,0,0,0,0,17,
17,0,0,0,17,17,17,17,0,0,0,0,0,0,0,0,0,0,17,17,
17,17,17,17,17,17,17,17,17,17,17,17,17,17,17,17,17,17,17,17

[Entities]
# Player
type=Player
location=1,9,0,1

[Entities]
# Slimy
type=Slimy
location=14,8,0,0

